1477609642184396806
4757894056
1387010761994682371
1263391922657337345
936620120255934466
881978047
120481183
1505184995002011649
308045021
1687521895
1353306974939738113
18218403
977710998
139109800
124385387
4000403652
192374137
41653384
17531651
1497976259296563200
870244616003403781
1476778228236931073
1229752606714728454
45379403
1494715792474230788
118166719
614600545
1159870188420046848
3040987923
39508140
1237015212160700416
832019161454817280
195578878
828578052942741505
1028022611324747776
1155192156
177400353
1060440219097423872
1496792408792903684
838381908656603144
1148374192586481664
3231054096
77726331
41186732
1342112045555097601
527445533
826615125297680384
940778288871542786
3222067490
578601744
853523328
48074704
1433816787016114177
2530758806
885212127866257410
1154228711731990528
156688202
2574271742
4842395709
881623250
631283641
981436419087523840
1308267623327518725
86010091
1101084489885863936
1309237180418666499
1337664957085671424
426361581
938494109844729856
199452338
804582780298412032
711608180535640064
1921951394
144904056
2886667320
1471037967926018051
348764745
29188599
59028892
1415531907148926980
4703167472
3453306553
915201181500297216
302984766
29447428
244954523
2332033299
2800413166
1099522514366001152
1472366361322024966
3264938916
950215424981028864
967871677399994368
4213849704
829874722510880768
738414815660670976
1255626720578867202
42091962
2676799425
1417952253449842692
1276065476041465863
935349971129311233
1475643712596168706
1492690652529889282
1261203450022359043
1484955952419803137
388618787
1373739644
870970040878862337
1334195751753277445
1264114113925402624
997262774
100256670
1501582959991734279
1031000589054828544
